
joint(1).index = 1;
joint(1).name = 'groundj';
joint(1).angle = 0.0;
joint(1).axis = [ 1 0 0 ];
joint(1).offset = [ 0 0 0 ];
joint(1).position_w = [ 0 0 0.92712 ];
joint(1).rotation = [ 1 0 0 
0 1 0 
0 0 1 ];
joint(1).angle_limits = [ 0 0 ];
joint(1).velocity_limits = [ 0 0 ];
joint(1).torque_limits = [ 0 0 ];

link(1).index = 1;
link(1).name = 'pelvis';
link(1).parent = 0;
link(1).mass = 17.982;
link(1).offset_to_com_b = [ 0.0113715 0 0.0268706 ];
link(1).com_w = [ 0.0113715 0 0.953991 ];
link(1).moi_b = [ 0.125569 0.0008 -0.000499757
0.0008 0.0972062 -0.0005
-0.000499757 -0.0005 0.117937 ];
link(1).orientation = [ 1 0 0 
0 1 0 
0 0 1 ];

joint(2).index = 2;
joint(2).name = 'back_lbz';
joint(2).angle = 0.0;
joint(2).axis = [ 0 0 1 ];
joint(2).offset = [ -0.0125 0 0 ];
joint(2).position_w = [ -0.0125 0 0.92712 ];
joint(2).rotation = [ 1 0 0 
0 1 0 
0 0 1 ];
joint(2).angle_limits = [ -0.663225 0.663225 ];
joint(2).velocity_limits = [ -12 12 ];
joint(2).torque_limits = [ -124.016 124.016 ];

link(2).index = 2;
link(2).name = 'ltorso';
link(2).parent = 1;
link(2).mass = 2.409;
link(2).offset_to_com_b = [ -0.0112984 -3.15366e-06 0.0746835 ];
link(2).com_w = [ -0.0237984 -3.15366e-06 1.0018 ];
link(2).moi_b = [ 0.0039092 -5.04491e-08 -0.000342157
-5.04491e-08 0.00341694 4.87119e-07
-0.000342157 4.87119e-07 0.00174492 ];
link(2).orientation = [ 1 0 0 
0 1 0 
0 0 1 ];

joint(3).index = 3;
joint(3).name = 'back_mby';
joint(3).angle = 0.0;
joint(3).axis = [ 0 1 0 ];
joint(3).offset = [ 0 0 0.16197 ];
joint(3).position_w = [ -0.0125 0 1.08909 ];
joint(3).rotation = [ 1 0 0 
0 1 0 
0 0 1 ];
joint(3).angle_limits = [ -0.610691 0.438427 ];
joint(3).velocity_limits = [ -12 12 ];
joint(3).torque_limits = [ -206.843 206.843 ];

link(3).index = 3;
link(3).name = 'mtorso';
link(3).parent = 2;
link(3).mass = 0.69;
link(3).offset_to_com_b = [ -0.00816266 -0.0131245 0.0305974 ];
link(3).com_w = [ -0.0206627 -0.0131245 1.11969 ];
link(3).moi_b = [ 0.000454181 -6.10764e-05 3.94009e-05
-6.10764e-05 0.000483282 5.27463e-05
3.94009e-05 5.27463e-05 0.000444215 ];
link(3).orientation = [ 1 0 0 
0 1 0 
0 0 1 ];

joint(4).index = 4;
joint(4).name = 'back_ubx';
joint(4).angle = 0.0;
joint(4).axis = [ 1 0 0 ];
joint(4).offset = [ 3.46945e-18 0 0.05 ];
joint(4).position_w = [ -0.0125 0 1.13909 ];
joint(4).rotation = [ 1 0 0 
0 1 0 
0 0 1 ];
joint(4).angle_limits = [ -0.698132 0.698132 ];
joint(4).velocity_limits = [ -12 12 ];
joint(4).torque_limits = [ -200 200 ];

link(4).index = 4;
link(4).name = 'utorso';
link(4).parent = 3;
link(4).mass = 52.007;
link(4).offset_to_com_b = [ -0.0923 0 0.3 ];
link(4).com_w = [ -0.1048 0 1.43909 ];
link(4).moi_b = [ 1.466 0.00362 0.336
0.00362 1.51 0.001
0.336 0.001 1.3 ];
link(4).orientation = [ 1 0 0 
0 1 0 
0 0 1 ];

joint(5).index = 5;
joint(5).name = 'neck_ay';
joint(5).angle = 0.0;
joint(5).axis = [ 0 1 0 ];
joint(5).offset = [ 0.21672 0 0.53796 ];
joint(5).position_w = [ 0.20422 0 1.67705 ];
joint(5).rotation = [ 1 0 0 
0 1 0 
0 0 1 ];
joint(5).angle_limits = [ -0.602139 1.14494 ];
joint(5).velocity_limits = [ -12 12 ];
joint(5).torque_limits = [ -5 5 ];

link(5).index = 5;
link(5).name = 'head';
link(5).parent = 4;
link(5).mass = 1.47757;
link(5).offset_to_com_b = [ -0.0738031 4.84927e-05 0.0299297 ];
link(5).com_w = [ 0.130417 4.84927e-05 1.70698 ];
link(5).moi_b = [ 0.00418873 -2.36262e-06 -0.00101648
-2.36262e-06 0.00444693 -1.85704e-06
-0.00101648 -1.85704e-06 0.00367855 ];
link(5).orientation = [ 1 0 0 
0 1 0 
0 0 1 ];

joint(6).index = 6;
joint(6).name = 'l_leg_uhz';
joint(6).angle = 0.0;
joint(6).axis = [ 0 0 1 ];
joint(6).offset = [ 0 0.089 0 ];
joint(6).position_w = [ 0 0.089 0.92712 ];
joint(6).rotation = [ 1 0 0 
0 1 0 
0 0 1 ];
joint(6).angle_limits = [ -0.174533 1.22173 ];
joint(6).velocity_limits = [ -12 12 ];
joint(6).torque_limits = [ -110 110 ];

link(6).index = 6;
link(6).name = 'l_uglut';
link(6).parent = 1;
link(6).mass = 0.648;
link(6).offset_to_com_b = [ 0.00529262 -0.00344732 0.00313046 ];
link(6).com_w = [ 0.00529262 0.0855527 0.93025 ];
link(6).moi_b = [ 0.00074276 -3.79607e-08 -2.79549e-05
-3.79607e-08 0.000688179 -3.2735e-08
-2.79549e-05 -3.2735e-08 0.00041242 ];
link(6).orientation = [ 1 0 0 
0 1 0 
0 0 1 ];

joint(7).index = 7;
joint(7).name = 'l_leg_mhx';
joint(7).angle = 0.0;
joint(7).axis = [ 1 0 0 ];
joint(7).offset = [ 0 0 0 ];
joint(7).position_w = [ 0 0.089 0.92712 ];
joint(7).rotation = [ 1 0 0 
0 1 0 
0 0 1 ];
joint(7).angle_limits = [ -0.523599 0.523599 ];
joint(7).velocity_limits = [ -12 12 ];
joint(7).torque_limits = [ -180 180 ];

link(7).index = 7;
link(7).name = 'l_lglut';
link(7).parent = 6;
link(7).mass = 0.866;
link(7).offset_to_com_b = [ 0.0133341 0.0170484 -0.0312052 ];
link(7).com_w = [ 0.0133341 0.106048 0.895915 ];
link(7).moi_b = [ 0.000691326 -2.24344e-05 2.50508e-06
-2.24344e-05 0.00126856 0.000137862
2.50508e-06 0.000137862 0.00106487 ];
link(7).orientation = [ 1 0 0 
0 1 0 
0 0 1 ];

joint(8).index = 8;
joint(8).name = 'l_leg_lhy';
joint(8).angle = 0.0;
joint(8).axis = [ 0 1 0 ];
joint(8).offset = [ 0.05 0 -0.05 ];
joint(8).position_w = [ 0.05 0.089 0.87712 ];
joint(8).rotation = [ 1 0 0 
0 1 0 
0 0 1 ];
joint(8).angle_limits = [ -1.72072 0.524821 ];
joint(8).velocity_limits = [ -12 12 ];
joint(8).torque_limits = [ -260 260 ];

link(8).index = 8;
link(8).name = 'l_uleg';
link(8).parent = 7;
link(8).mass = 9.209;
link(8).offset_to_com_b = [ 0 0 -0.21 ];
link(8).com_w = [ 0.05 0.089 0.66712 ];
link(8).moi_b = [ 0.09 0 0
0 0.09 0
0 0 0.02 ];
link(8).orientation = [ 1 0 0 
0 1 0 
0 0 1 ];

joint(9).index = 9;
joint(9).name = 'l_leg_kny';
joint(9).angle = 0.0;
joint(9).axis = [ 0 1 0 ];
joint(9).offset = [ -0.05 0 -0.374 ];
joint(9).position_w = [ 0 0.089 0.50312 ];
joint(9).rotation = [ 1 0 0 
0 1 0 
0 0 1 ];
joint(9).angle_limits = [ 0 2.38569 ];
joint(9).velocity_limits = [ -12 12 ];
joint(9).torque_limits = [ -400 400 ];

link(9).index = 9;
link(9).name = 'l_lleg';
link(9).parent = 8;
link(9).mass = 5.479;
link(9).offset_to_com_b = [ 0.001 0 -0.187 ];
link(9).com_w = [ 0.001 0.089 0.31612 ];
link(9).moi_b = [ 0.077 0 -0.003
0 0.076 0
-0.003 0 0.01 ];
link(9).orientation = [ 1 0 0 
0 1 0 
0 0 1 ];

joint(10).index = 10;
joint(10).name = 'l_leg_uay';
joint(10).angle = 0.0;
joint(10).axis = [ 0 1 0 ];
joint(10).offset = [ 0 0 -0.422 ];
joint(10).position_w = [ 0 0.089 0.08112 ];
joint(10).rotation = [ 1 0 0 
0 1 0 
0 0 1 ];
joint(10).angle_limits = [ -1 0.7 ];
joint(10).velocity_limits = [ -12 12 ];
joint(10).torque_limits = [ -700 700 ];

link(10).index = 10;
link(10).name = 'l_talus';
link(10).parent = 9;
link(10).mass = 0.125;
link(10).offset_to_com_b = [ 0 0 0 ];
link(10).com_w = [ 0 0.089 0.08112 ];
link(10).moi_b = [ 0.001 0 0
0 0.001 0
0 0 0.001 ];
link(10).orientation = [ 1 0 0 
0 1 0 
0 0 1 ];

joint(11).index = 11;
joint(11).name = 'l_leg_lax';
joint(11).angle = 0.0;
joint(11).axis = [ 1 0 0 ];
joint(11).offset = [ 0 0 0 ];
joint(11).position_w = [ 0 0.089 0.08112 ];
joint(11).rotation = [ 1 0 0 
0 1 0 
0 0 1 ];
joint(11).angle_limits = [ -0.8 0.8 ];
joint(11).velocity_limits = [ -12 12 ];
joint(11).torque_limits = [ -300 300 ];

link(11).index = 11;
link(11).name = 'l_foot';
link(11).parent = 10;
link(11).mass = 2.05;
link(11).offset_to_com_b = [ 0.027 0 -0.067 ];
link(11).com_w = [ 0.027 0.089 0.01412 ];
link(11).moi_b = [ 0.002 0 0
0 0.007 0
0 0 0.008 ];
link(11).orientation = [ 1 0 0 
0 1 0 
0 0 1 ];

joint(12).index = 12;
joint(12).name = 'r_leg_uhz';
joint(12).angle = 0.0;
joint(12).axis = [ 0 0 1 ];
joint(12).offset = [ 0 -0.089 0 ];
joint(12).position_w = [ 0 -0.089 0.92712 ];
joint(12).rotation = [ 1 0 0 
0 1 0 
0 0 1 ];
joint(12).angle_limits = [ -1.22173 0.174533 ];
joint(12).velocity_limits = [ -12 12 ];
joint(12).torque_limits = [ -110 110 ];

link(12).index = 12;
link(12).name = 'r_uglut';
link(12).parent = 1;
link(12).mass = 0.648;
link(12).offset_to_com_b = [ 0.00529262 0.00344732 0.00313046 ];
link(12).com_w = [ 0.00529262 -0.0855527 0.93025 ];
